Input source 1: random number

alpha           Linear  Double
-------------------------------
0.5             1.493   1.386
0.6             1.741   1.521
0.7             2.176   1.714
0.8             3.022   1.999
0.9             5.384   2.534
0.95            10.543  3.172
0.98            22.060  4.002
0.99            49.317  4.662

Input source 2: current time

alpha           Linear  Double
-------------------------------
0.5             1.0     1.0
0.6             1.0     1.0
0.7             1.0     1.0
0.8             1.0     1.0
0.9             1.0     1.0
0.95            1.0     1.0
0.98            1.0     1.0
0.99            1.0     1.0

Input source 3: word-list

alpha         Linear    Double
-------------------------------
0.5           1.596     1.390
0.6           2.149     1.534
0.7           3.603     1.721
0.8           6.708     2.016
0.9           19.814    2.569
0.95          110.594   3.186
0.98          324.206   4.019
0.99          471.671   4.695